[nan, nan, nan, nan, nan, nan, nan, nan, nan, nan, nan, nan, nan, 158.91495307601733, 158.91495307601733, 151.77566657443418, 151.77566657443418, 101.21242036795434, 101.21242036795434, 77.7836711656058, 77.7836711656058, 73.51436676917822, 73.51436676917822, 51.40922251554102, 51.40922251554102, 33.62488825317375, 33.62488825317375, 28.83083791348719, 23.876330427002657, 23.876330427002657, 22.345858590267387, 22.345858590267387, 20.235026502714607, 20.235026502714607, 16.212065604127226, 15.859257707315777, 15.859257707315777, 15.75393715219531, 15.75393715219531, 14.308313401394908, 14.308313401394908, 13.663877033791364, 13.663877033791364, 13.130929358491821, 13.130929358491821, 12.383496214859887, 12.383496214859887, 10.403086424297177, 10.34459101286133, 10.34459101286133, 9.175105980652642, 8.929436537859385, 8.874278265861255, 8.874278265861255, 8.741789233185797, 8.741789233185797, 8.705428561271306, 8.705428561271306, 8.480680816518992, 7.32484661481905, 7.23461348318767, 7.1017069754552224, 7.1017069754552224, 7.062179070398428, 7.062179070398428, 6.689450327714584, 6.689450327714584, 6.4414843645150555, 6.4414843645150555, 5.890085312588831, 5.8457424670106715, 5.5783427368368335, 5.522198731500576, 5.522198731500576, 5.518987485157908, 5.406770912620219, 5.406770912620219, 5.004403862755867, 5.004403862755867, 4.832836159045169, 4.832836159045169, 4.828414867630299, 4.828414867630299, 4.810697287621362, 4.810697287621362, 4.808663920837664, 4.808663920837664, 4.783017813319683, 4.011585145505032, 4.011585145505032, 3.9900279851886333, 3.9900279851886333, 3.805673177616836, 3.805673177616836, 3.677876484014628, 3.677876484014628, 3.5781912280810446, 3.5448993440399774, 3.5448993440399774, 3.52804119649959, 3.52804119649959, 3.406471035682655, 3.1008829012628385, 3.1008829012628385, 3.0648108536858802, 3.0046012269938656, 3.0046012269938656, 2.963617268669953, 2.963617268669953, 2.7551290353348734, 2.7551290353348734, 2.5822396876001807, 2.5822396876001807, 2.574822081169572, 2.574822081169572, 2.4505666287006713, 2.387112357687327, 2.387112357687327, 2.371656628778541, 2.326854029350709, 2.326854029350709, 2.259604194464979, 2.2175208539598534, 2.2175208539598534, 2.2167388784795197, 2.2167388784795197, 2.1382319128880622, 2.022939758792065, 2.022939758792065, 1.8854401087002537, 1.6684505905481863, 1.6684505905481863, 1.647112403440505, 1.579217846892394, 1.5714878923634348, 1.5285051367158609, 1.4920219855545196, 1.4920219855545196, 1.4508209469217206, 1.4508209469217206, 1.444636997160865, 1.444636997160865, 1.308850676774923, 1.2387114257647616, 1.2387114257647616, 1.2291549547454288, 1.2006266357724702, 1.2006266357724702, 1.1994845481594254, 1.1994845481594254, 1.1662729434794248, 1.11823362433028, 1.1138366567825944, 1.1029170732340685, 1.0529770429034098, 1.0350666982436416, 1.0350666982436416, 1.0027025366989837, 1.0027025366989837, 0.9777482011394187, 0.9777482011394187, 0.9592513549976283, 0.9592513549976283, 0.9560873333801881, 0.9560873333801881, 0.9560626966301967, 0.9560626966301967, 0.8829544494213799, 0.8829544494213799, 0.814037560884675, 0.8100369097142759, 0.8100369097142759, 0.780589247917066, 0.780589247917066, 0.7700527984133431, 0.7700527984133431, 0.745680906046228, 0.7346374706988259, 0.6745867768593762, 0.6745867768593762, 0.6384122794155407, 0.6384122794155407, 0.6371788491749298, 0.6371788491749298, 0.6167742975401972, 0.6003912329511198, 0.5841293676573217, 0.5841293676573217, 0.5784631011993666, 0.5675792322553315, 0.560937827187729, 0.560937827187729, 0.5224915972923146, 0.5224915972923146, 0.39150148012162794, 0.37301780736344026, 0.37301780736344026, 0.3709707016707949, 0.36544689360818927, 0.36544689360818927, 0.3136138316667678, 0.3136138316667678, 0.26113316175565415, 0.25887715199245387, 0.25887715199245387, 0.2397283323644981, 0.2397283323644981, 0.23288505832523512, 0.23288505832523512, 0.23219268397448514, 0.23219268397448514, 0.20233945309721774, 0.19094167087560565, 0.18503002145040773, 0.18503002145040773, 0.16112277654256138, 0.16112277654256138, 0.15996833553181744, 0.13210128626902737, 0.11172328353102595, 0.08016063693593099, 0.08016063693593099, 0.05795986597340499, 0.05795986597340499, 0.057932495110949986, 0.05552603048498056, 0.03903447946042259, 0.03903447946042259, 0.038574266557704025, 0.025933409121446545, 0.025933409121446545, 0.025547231079277942, 0.025547231079277942, 0.0254018886090962, 0.0254018886090962, 0.024469186343416736, 0.024469186343416736, 0.017597667063756116, 0.006399529590373806, 0.006399529590373806, 0.004938999945509883, 0.0037397073899175385, 0.0015961633415050264, 0.0015961633415050264, 0.0015852092451679163, 0.0015852092451679163, 0.0, 0.0, 0.0, 0.0]
[130   4 126 125 128 123 117 118 120 122 127 131 121 112 115 145 142 143
 146 106 103 105 102 135 132 133 136 129 110 107 140 137 166 163   1 211
 208 168 171 193 196 170 167 226 223 178 181 184 161 158 124 109   6   3
  16  13  31  28  14 244 149  97 100 200 197 243 246 157 160 219  34 189
  81  78  64  58  61 186 183  73  76  46  43 138 141  36  33  44 238 241
  25  22 147 150 213 216 104  63  66 153 156  79  71  68  74 113 116  38
  41 185 182 227 230  23  26  99  60  57  89  72  75 169  88  91 231 228
 144  20  17 247  21  18  69 204 174 199 242 245   7  10 237 240 154  30
  27  84 173 176 101  98 224  49  39 234 249 198 201  40  37 155 152  93
  96 236 233  51  48  56  53  59 188 191 192 195 187 190 179  24 206 203
 202 205  87  90 114  94 217 220 119 209 108 111 172 175 248 212 215 214
  65  62  85  82 164   8  11  95  92 232 235  52  55  54   0 218 221  35
  32  19 194 134 165 162  67  70 139  29  42  45 159  80  77 225 222 180
 177  83  86 239 210 207   9 229  15  12   5   2 148  50 151  47]
[[['xgboostn_estimators:1max_depth:3learning_rate:0.2', 0.6197398622800306, 0.6201074443591711, 0.6182096403978576, 0.6182096403978576, 0.6212700841622035, 0.6197379731143337, 0.6191570881226053, 0.6191570881226053, 0.2394808460893317, 0.6197398622800305, 808.0, 499.0, 495.0, 812.0, 1307.0, 1307.0]]]
[[['xgboostn_estimators:1max_depth:3learning_rate:0.2', 0.6197398622800306, 0.6201074443591711, 0.6182096403978576, 0.6182096403978576, 0.6212700841622035, 0.6197379731143337, 0.6191570881226053, 0.6191570881226053, 0.2394808460893317, 0.6197398622800305, 808.0, 499.0, 495.0, 812.0, 1307.0, 1307.0]]]
[[['xgboostn_estimators:1max_depth:3learning_rate:0.2', 0.6323641928079572, 0.6860215053763441, 0.4881407804131599, 0.4881407804131599, 0.7765876052027544, 0.6156980426011273, 0.5704067948144836, 0.5704067948144836, 0.2764799109594599, 0.6323641928079572, 638.0, 669.0, 292.0, 1015.0, 1307.0, 1307.0]]]
[[['xgboostn_estimators:1max_depth:3learning_rate:0.2', 0.6323641928079572, 0.6860215053763441, 0.4881407804131599, 0.4881407804131599, 0.7765876052027544, 0.6156980426011273, 0.5704067948144836, 0.5704067948144836, 0.2764799109594599, 0.6323641928079572, 638.0, 669.0, 292.0, 1015.0, 1307.0, 1307.0]]]
[[['xgboostn_estimators:1max_depth:3learning_rate:0.2', 0.6641162968630452, 0.6413974950560316, 0.7444529456771232, 0.7444529456771232, 0.5837796480489671, 0.6592393181663301, 0.6890934844192633, 0.6890934844192633, 0.3325532434982935, 0.6641162968630451, 973.0, 334.0, 544.0, 763.0, 1307.0, 1307.0]]]
[[['xgboostn_estimators:1max_depth:3learning_rate:0.2', 0.6641162968630452, 0.6413974950560316, 0.7444529456771232, 0.7444529456771232, 0.5837796480489671, 0.6592393181663301, 0.6890934844192633, 0.6890934844192633, 0.3325532434982935, 0.6641162968630451, 973.0, 334.0, 544.0, 763.0, 1307.0, 1307.0]]]
[[['xgboostn_estimators:21max_depth:3learning_rate:0.2', 0.698928844682479, 0.6778385772913816, 0.7582249426166794, 0.7582249426166794, 0.6396327467482785, 0.6964090053258664, 0.7157818707114482, 0.7157818707114482, 0.4006853074549591, 0.698928844682479, 991.0, 316.0, 471.0, 836.0, 1307.0, 1307.0]]]
[[['xgboostn_estimators:21max_depth:3learning_rate:0.2', 0.698928844682479, 0.6778385772913816, 0.7582249426166794, 0.7582249426166794, 0.6396327467482785, 0.6964090053258664, 0.7157818707114482, 0.7157818707114482, 0.4006853074549591, 0.698928844682479, 991.0, 316.0, 471.0, 836.0, 1307.0, 1307.0]]]
[[['xgboostn_estimators:21max_depth:4learning_rate:0.2', 0.7195868400918133, 0.72421875, 0.7092578423871462, 0.7092578423871462, 0.7299158377964805, 0.7195127047104436, 0.7166602241979126, 0.7166602241979126, 0.4392674194805386, 0.7195868400918134, 927.0, 380.0, 353.0, 954.0, 1307.0, 1307.0]]]
[[['xgboostn_estimators:21max_depth:4learning_rate:0.2', 0.7195868400918133, 0.72421875, 0.7092578423871462, 0.7092578423871462, 0.7299158377964805, 0.7195127047104436, 0.7166602241979126, 0.7166602241979126, 0.4392674194805386, 0.7195868400918134, 927.0, 380.0, 353.0, 954.0, 1307.0, 1307.0]]]
[[['xgboostn_estimators:11max_depth:4learning_rate:0.2', 0.7195868400918133, 0.702112676056338, 0.7628156082631982, 0.7628156082631982, 0.6763580719204285, 0.7182871946761307, 0.7312064539787312, 0.7312064539787312, 0.4408243307108058, 0.7195868400918134, 997.0, 310.0, 423.0, 884.0, 1307.0, 1307.0]]]
[[['xgboostn_estimators:11max_depth:4learning_rate:0.2', 0.7195868400918133, 0.702112676056338, 0.7628156082631982, 0.7628156082631982, 0.6763580719204285, 0.7182871946761307, 0.7312064539787312, 0.7312064539787312, 0.4408243307108058, 0.7195868400918134, 997.0, 310.0, 423.0, 884.0, 1307.0, 1307.0]]]
[[['xgboostn_estimators:41max_depth:3learning_rate:0.2', 0.7352716143840857, 0.7349121466768526, 0.7360367253251722, 0.7360367253251722, 0.7345065034429993, 0.7352712163033635, 0.735474006116208, 0.735474006116208, 0.47054377967621247, 0.7352716143840857, 962.0, 345.0, 347.0, 960.0, 1307.0, 1307.0]]]
[[['xgboostn_estimators:41max_depth:3learning_rate:0.2', 0.7352716143840857, 0.7349121466768526, 0.7360367253251722, 0.7360367253251722, 0.7345065034429993, 0.7352712163033635, 0.735474006116208, 0.735474006116208, 0.47054377967621247, 0.7352716143840857, 962.0, 345.0, 347.0, 960.0, 1307.0, 1307.0]]]
[[['xgboostn_estimators:21max_depth:3learning_rate:0.4', 0.735654169854629, 0.7298507462686568, 0.7482785003825555, 0.7482785003825555, 0.7230298393267024, 0.7355458407898348, 0.7389497544389876, 0.7389497544389876, 0.4714586399027181, 0.7356541698546288, 978.0, 329.0, 362.0, 945.0, 1307.0, 1307.0]]]
[[['xgboostn_estimators:21max_depth:4learning_rate:0.2', 0.7299158377964805, 0.7254313578394599, 0.7398622800306044, 0.7398622800306044, 0.7199693955623565, 0.7298480653896544, 0.7325757575757577, 0.7325757575757577, 0.4599226864762633, 0.7299158377964805, 967.0, 340.0, 366.0, 941.0, 1307.0, 1307.0]]]
[[['xgboostn_estimators:21max_depth:4learning_rate:0.2', 0.7299158377964805, 0.7254313578394599, 0.7398622800306044, 0.7398622800306044, 0.7199693955623565, 0.7298480653896544, 0.7325757575757577, 0.7325757575757577, 0.4599226864762633, 0.7299158377964805, 967.0, 340.0, 366.0, 941.0, 1307.0, 1307.0]]]
[[['xgboostn_estimators:21max_depth:3learning_rate:0.2', 0.7337413925019127, 0.723482077542063, 0.7566947207345065, 0.7566947207345065, 0.7107880642693191, 0.7333822848921924, 0.7397157816005984, 0.7397157816005984, 0.4679761564913616, 0.7337413925019127, 989.0, 318.0, 378.0, 929.0, 1307.0, 1307.0]]]
[[['xgboostn_estimators:21max_depth:3learning_rate:0.2', 0.7337413925019127, 0.723482077542063, 0.7566947207345065, 0.7566947207345065, 0.7107880642693191, 0.7333822848921924, 0.7397157816005984, 0.7397157816005984, 0.4679761564913616, 0.7337413925019127, 989.0, 318.0, 378.0, 929.0, 1307.0, 1307.0]]]
[[['xgboostn_estimators:21max_depth:4learning_rate:0.3', 0.7387146136189747, 0.7338830584707646, 0.749043611323642, 0.749043611323642, 0.7283856159143076, 0.7386423980388942, 0.7413858386974631, 0.7413858386974631, 0.47753113197884334, 0.7387146136189748, 979.0, 328.0, 355.0, 952.0, 1307.0, 1307.0]]]
[[['xgboostn_estimators:21max_depth:4learning_rate:0.3', 0.7387146136189747, 0.7338830584707646, 0.749043611323642, 0.749043611323642, 0.7283856159143076, 0.7386423980388942, 0.7413858386974631, 0.7413858386974631, 0.47753113197884334, 0.7387146136189748, 979.0, 328.0, 355.0, 952.0, 1307.0, 1307.0]]]
[[['xgboostn_estimators:11max_depth:4learning_rate:0.3', 0.7352716143840857, 0.7266028002947679, 0.7543993879112472, 0.7543993879112472, 0.7161438408569243, 0.7350227718913702, 0.7402402402402403, 0.7402402402402403, 0.47088792407813235, 0.7352716143840857, 986.0, 321.0, 371.0, 936.0, 1307.0, 1307.0]]]
[[['xgboostn_estimators:11max_depth:4learning_rate:0.3', 0.7360367253251722, 0.7286879169755375, 0.7521040550879877, 0.7521040550879877, 0.7199693955623565, 0.7358613333649865, 0.740210843373494, 0.740210843373494, 0.4723173796849122, 0.7360367253251721, 983.0, 324.0, 366.0, 941.0, 1307.0, 1307.0]]]
[[['xgboostn_estimators:11max_depth:4learning_rate:0.3', 0.7360367253251722, 0.7286879169755375, 0.7521040550879877, 0.7521040550879877, 0.7199693955623565, 0.7358613333649865, 0.740210843373494, 0.740210843373494, 0.4723173796849122, 0.7360367253251721, 983.0, 324.0, 366.0, 941.0, 1307.0, 1307.0]]]
[[['xgboostn_estimators:31max_depth:4learning_rate:0.2', 0.7348890589135425, 0.7322239031770046, 0.740627390971691, 0.740627390971691, 0.7291507268553941, 0.7348666548810217, 0.7364016736401674, 0.7364016736401674, 0.4698090590187022, 0.7348890589135426, 968.0, 339.0, 354.0, 953.0, 1307.0, 1307.0]]]
[[['xgboostn_estimators:31max_depth:4learning_rate:0.2', 0.7348890589135425, 0.7322239031770046, 0.740627390971691, 0.740627390971691, 0.7291507268553941, 0.7348666548810217, 0.7364016736401674, 0.7364016736401674, 0.4698090590187022, 0.7348890589135426, 968.0, 339.0, 354.0, 953.0, 1307.0, 1307.0]]]
[[['xgboostn_estimators:51max_depth:3learning_rate:0.2', 0.730680948737567, 0.7289293849658315, 0.7345065034429993, 0.7345065034429993, 0.7268553940321346, 0.7306709341278238, 0.7317073170731708, 0.7317073170731708, 0.4613754020097297, 0.7306809487375671, 960.0, 347.0, 357.0, 950.0, 1307.0, 1307.0]]]
[[['xgboostn_estimators:51max_depth:3learning_rate:0.2', 0.730680948737567, 0.7289293849658315, 0.7345065034429993, 0.7345065034429993, 0.7268553940321346, 0.7306709341278238, 0.7317073170731708, 0.7317073170731708, 0.4613754020097297, 0.7306809487375671, 960.0, 347.0, 357.0, 950.0, 1307.0, 1307.0]]]
[[['xgboostn_estimators:31max_depth:3learning_rate:0.2', 0.7375669472073451, 0.731198808637379, 0.7513389441469013, 0.7513389441469013, 0.7237949502677888, 0.7374383592633755, 0.7411320754716981, 0.7411320754716981, 0.47531423232978365, 0.737566947207345, 982.0, 325.0, 361.0, 946.0, 1307.0, 1307.0]]]
[[['xgboostn_estimators:31max_depth:3learning_rate:0.2', 0.7375669472073451, 0.731198808637379, 0.7513389441469013, 0.7513389441469013, 0.7237949502677888, 0.7374383592633755, 0.7411320754716981, 0.7411320754716981, 0.47531423232978365, 0.737566947207345, 982.0, 325.0, 361.0, 946.0, 1307.0, 1307.0]]]
[[['xgboostn_estimators:31max_depth:3learning_rate:0.2', 0.739097169089518, 0.7344336084021005, 0.749043611323642, 0.749043611323642, 0.7291507268553941, 0.7390302386526703, 0.7416666666666667, 0.7416666666666667, 0.4782889834403736, 0.7390971690895181, 979.0, 328.0, 354.0, 953.0, 1307.0, 1307.0]]]
[[['xgboostn_estimators:31max_depth:3learning_rate:0.2', 0.739097169089518, 0.7344336084021005, 0.749043611323642, 0.749043611323642, 0.7291507268553941, 0.7390302386526703, 0.7416666666666667, 0.7416666666666667, 0.4782889834403736, 0.7390971690895181, 979.0, 328.0, 354.0, 953.0, 1307.0, 1307.0]]]
[[['xgboostn_estimators:31max_depth:3learning_rate:0.2', 0.7341239479724561, 0.7283582089552239, 0.7467482785003825, 0.7467482785003825, 0.7214996174445295, 0.7340153930711446, 0.7374386097468832, 0.7374386097468832, 0.46839722016309004, 0.734123947972456, 976.0, 331.0, 364.0, 943.0, 1307.0, 1307.0]]]
[[['xgboostn_estimators:31max_depth:3learning_rate:0.2', 0.7341239479724561, 0.7283582089552239, 0.7467482785003825, 0.7467482785003825, 0.7214996174445295, 0.7340153930711446, 0.7374386097468832, 0.7374386097468832, 0.46839722016309004, 0.734123947972456, 976.0, 331.0, 364.0, 943.0, 1307.0, 1307.0]]]
[[['xgboostn_estimators:11max_depth:3learning_rate:0.4', 0.735654169854629, 0.7333333333333333, 0.740627390971691, 0.740627390971691, 0.730680948737567, 0.7356373595027811, 0.7369623144271031, 0.7369623144271031, 0.4713316551099734, 0.735654169854629, 968.0, 339.0, 352.0, 955.0, 1307.0, 1307.0]]]
[[['xgboostn_estimators:21max_depth:3learning_rate:0.3', 0.7348890589135425, 0.7287630402384501, 0.7482785003825555, 0.7482785003825555, 0.7214996174445295, 0.734767073138134, 0.7383918459796149, 0.7383918459796149, 0.4699466494315741, 0.7348890589135424, 978.0, 329.0, 364.0, 943.0, 1307.0, 1307.0]]]
[[['xgboostn_estimators:21max_depth:3learning_rate:0.3', 0.7348890589135425, 0.7287630402384501, 0.7482785003825555, 0.7482785003825555, 0.7214996174445295, 0.734767073138134, 0.7383918459796149, 0.7383918459796149, 0.4699466494315741, 0.7348890589135424, 978.0, 329.0, 364.0, 943.0, 1307.0, 1307.0]]]
[[['xgboostn_estimators:21max_depth:3learning_rate:0.2', 0.7364192807957154, 0.7299107142857143, 0.7505738332058148, 0.7505738332058148, 0.722264728385616, 0.736283237466227, 0.7400980761976612, 0.7400980761976612, 0.47302814323987413, 0.7364192807957153, 981.0, 326.0, 363.0, 944.0, 1307.0, 1307.0]]]
[[['xgboostn_estimators:31max_depth:3learning_rate:0.2', 0.7368018362662586, 0.7318352059925094, 0.7475133894414691, 0.7475133894414691, 0.7260902830910482, 0.736723970394547, 0.7395912187736563, 0.7395912187736563, 0.4737123900367984, 0.7368018362662586, 977.0, 330.0, 358.0, 949.0, 1307.0, 1307.0]]]
[[['xgboostn_estimators:21max_depth:3learning_rate:0.2', 0.7360367253251722, 0.7283493708364175, 0.7528691660290742, 0.7528691660290742, 0.7192042846212701, 0.7358442294177161, 0.7404063205417606, 0.7404063205417606, 0.47234118438608746, 0.7360367253251721, 984.0, 323.0, 367.0, 940.0, 1307.0, 1307.0]]]
[[['xgboostn_estimators:21max_depth:3learning_rate:0.2', 0.7360367253251722, 0.7283493708364175, 0.7528691660290742, 0.7528691660290742, 0.7192042846212701, 0.7358442294177161, 0.7404063205417606, 0.7404063205417606, 0.47234118438608746, 0.7360367253251721, 984.0, 323.0, 367.0, 940.0, 1307.0, 1307.0]]]
[[['xgboostn_estimators:21max_depth:3learning_rate:0.2', 0.7364192807957154, 0.7278761061946902, 0.7551644988523336, 0.7551644988523336, 0.7176740627390972, 0.7361806666353637, 0.7412692452121667, 0.7412692452121667, 0.4731712073446206, 0.7364192807957154, 987.0, 320.0, 369.0, 938.0, 1307.0, 1307.0]]]
[[['xgboostn_estimators:21max_depth:3learning_rate:0.2', 0.7364192807957154, 0.7278761061946902, 0.7551644988523336, 0.7551644988523336, 0.7176740627390972, 0.7361806666353637, 0.7412692452121667, 0.7412692452121667, 0.4731712073446206, 0.7364192807957154, 987.0, 320.0, 369.0, 938.0, 1307.0, 1307.0]]]
[[['xgboostn_estimators:31max_depth:3learning_rate:0.2', 0.7371843917368018, 0.7313432835820896, 0.7498087222647284, 0.7498087222647284, 0.7245600612088753, 0.7370762875707508, 0.7404608991310918, 0.7404608991310918, 0.4745200596423461, 0.7371843917368018, 980.0, 327.0, 360.0, 947.0, 1307.0, 1307.0]]]
[[['xgboostn_estimators:31max_depth:3learning_rate:0.2', 0.7371843917368018, 0.7313432835820896, 0.7498087222647284, 0.7498087222647284, 0.7245600612088753, 0.7370762875707508, 0.7404608991310918, 0.7404608991310918, 0.4745200596423461, 0.7371843917368018, 980.0, 327.0, 360.0, 947.0, 1307.0, 1307.0]]]
[[['xgboostn_estimators:21max_depth:3learning_rate:0.4', 0.7383320581484315, 0.7383320581484315, 0.7383320581484315, 0.7383320581484315, 0.7383320581484315, 0.7383320581484315, 0.7383320581484315, 0.7383320581484315, 0.47666411629686306, 0.7383320581484316, 965.0, 342.0, 342.0, 965.0, 1307.0, 1307.0]]]
[[['xgboostn_estimators:31max_depth:3learning_rate:0.2', 0.740627390971691, 0.7334818114328137, 0.75592960979342, 0.75592960979342, 0.7253251721499617, 0.7404692933246225, 0.744536548605878, 0.744536548605878, 0.48148031960907806, 0.740627390971691, 988.0, 319.0, 359.0, 948.0, 1307.0, 1307.0]]]
[[['xgboostn_estimators:21max_depth:3learning_rate:0.2', 0.7379495026778883, 0.7303703703703703, 0.7543993879112472, 0.7543993879112472, 0.7214996174445295, 0.737766134881747, 0.7421904403462553, 0.7421904403462553, 0.4761567699543616, 0.7379495026778883, 986.0, 321.0, 364.0, 943.0, 1307.0, 1307.0]]]
[[['xgboostn_estimators:31max_depth:3learning_rate:0.2', 0.739097169089518, 0.7326880119136262, 0.7528691660290742, 0.7528691660290742, 0.7253251721499617, 0.738968847419454, 0.7426415094339622, 0.7426415094339622, 0.4783758376910061, 0.7390971690895178, 984.0, 323.0, 359.0, 948.0, 1307.0, 1307.0]]]
[[['xgboostn_estimators:31max_depth:3learning_rate:0.2', 0.739097169089518, 0.7326880119136262, 0.7528691660290742, 0.7528691660290742, 0.7253251721499617, 0.738968847419454, 0.7426415094339622, 0.7426415094339622, 0.4783758376910061, 0.7390971690895178, 984.0, 323.0, 359.0, 948.0, 1307.0, 1307.0]]]
[[['xgboostn_estimators:31max_depth:3learning_rate:0.2', 0.7413925019127774, 0.7366841710427607, 0.7513389441469013, 0.7513389441469013, 0.7314460596786534, 0.7413257787095838, 0.743939393939394, 0.743939393939394, 0.4828805576814012, 0.7413925019127774, 982.0, 325.0, 351.0, 956.0, 1307.0, 1307.0]]]
[[['xgboostn_estimators:31max_depth:3learning_rate:0.2', 0.7413925019127774, 0.7366841710427607, 0.7513389441469013, 0.7513389441469013, 0.7314460596786534, 0.7413257787095838, 0.743939393939394, 0.743939393939394, 0.4828805576814012, 0.7413925019127774, 982.0, 325.0, 351.0, 956.0, 1307.0, 1307.0]]]
[[['xgboostn_estimators:61max_depth:3learning_rate:0.2', 0.739097169089518, 0.7365632096896291, 0.7444529456771232, 0.7444529456771232, 0.7337413925019127, 0.7390777638471361, 0.7404870624048707, 0.7404870624048707, 0.4782217739206838, 0.739097169089518, 973.0, 334.0, 348.0, 959.0, 1307.0, 1307.0]]]
[[['xgboostn_estimators:61max_depth:3learning_rate:0.2', 0.739097169089518, 0.7365632096896291, 0.7444529456771232, 0.7444529456771232, 0.7337413925019127, 0.7390777638471361, 0.7404870624048707, 0.7404870624048707, 0.4782217739206838, 0.739097169089518, 973.0, 334.0, 348.0, 959.0, 1307.0, 1307.0]]]
[[['xgboostn_estimators:41max_depth:5learning_rate:0.2', 0.7394797245600612, 0.7396630934150077, 0.739097169089518, 0.739097169089518, 0.7398622800306044, 0.7394796256062339, 0.7393800229621126, 0.7393800229621126, 0.478959589310358, 0.7394797245600613, 966.0, 341.0, 340.0, 967.0, 1307.0, 1307.0]]]
[[['xgboostn_estimators:41max_depth:5learning_rate:0.2', 0.7394797245600612, 0.7396630934150077, 0.739097169089518, 0.739097169089518, 0.7398622800306044, 0.7394796256062339, 0.7393800229621126, 0.7393800229621126, 0.478959589310358, 0.7394797245600613, 966.0, 341.0, 340.0, 967.0, 1307.0, 1307.0]]]
[[['xgboostn_estimators:31max_depth:3learning_rate:0.2', 0.7402448355011476, 0.7308823529411764, 0.7605202754399388, 0.7605202754399388, 0.7199693955623565, 0.7399671094186617, 0.7454068241469817, 0.7454068241469817, 0.48088521120839794, 0.7402448355011477, 994.0, 313.0, 366.0, 941.0, 1307.0, 1307.0]]]
[[['xgboostn_estimators:31max_depth:3learning_rate:0.2', 0.7383320581484315, 0.7354497354497355, 0.7444529456771232, 0.7444529456771232, 0.7322111706197398, 0.7383066861579678, 0.7399239543726237, 0.7399239543726237, 0.47669983700581575, 0.7383320581484315, 973.0, 334.0, 350.0, 957.0, 1307.0, 1307.0]]]
[[['xgboostn_estimators:31max_depth:3learning_rate:0.2', 0.7364192807957154, 0.7309417040358744, 0.7482785003825555, 0.7482785003825555, 0.7245600612088753, 0.7363237847838883, 0.7395085066162571, 0.7395085066162571, 0.4729716187946377, 0.7364192807957154, 978.0, 329.0, 360.0, 947.0, 1307.0, 1307.0]]]
[[['xgboostn_estimators:41max_depth:3learning_rate:0.2', 0.735654169854629, 0.7312312312312312, 0.7452180566182096, 0.7452180566182096, 0.7260902830910482, 0.735591999476936, 0.7381583933308071, 0.7381583933308071, 0.4713945825718228, 0.735654169854629, 974.0, 333.0, 358.0, 949.0, 1307.0, 1307.0]]]
[[['xgboostn_estimators:41max_depth:3learning_rate:0.2', 0.735654169854629, 0.7312312312312312, 0.7452180566182096, 0.7452180566182096, 0.7260902830910482, 0.735591999476936, 0.7381583933308071, 0.7381583933308071, 0.4713945825718228, 0.735654169854629, 974.0, 333.0, 358.0, 949.0, 1307.0, 1307.0]]]
[[['xgboostn_estimators:21max_depth:3learning_rate:0.3', 0.7368018362662586, 0.731142643764003, 0.749043611323642, 0.749043611323642, 0.7245600612088753, 0.736700132257878, 0.7399848828420256, 0.7399848828420256, 0.4737456858760253, 0.7368018362662586, 979.0, 328.0, 360.0, 947.0, 1307.0, 1307.0]]]
[[['xgboostn_estimators:31max_depth:3learning_rate:0.3', 0.7387146136189747, 0.7388973966309341, 0.7383320581484315, 0.7383320581484315, 0.739097169089518, 0.7387145145626577, 0.7386146192116341, 0.7386146192116341, 0.4774293669802929, 0.7387146136189748, 965.0, 342.0, 341.0, 966.0, 1307.0, 1307.0]]]
[[['xgboostn_estimators:31max_depth:3learning_rate:0.3', 0.7387146136189747, 0.7388973966309341, 0.7383320581484315, 0.7383320581484315, 0.739097169089518, 0.7387145145626577, 0.7386146192116341, 0.7386146192116341, 0.4774293669802929, 0.7387146136189748, 965.0, 342.0, 341.0, 966.0, 1307.0, 1307.0]]]
[[['xgboostn_estimators:21max_depth:3learning_rate:0.4', 0.7413925019127774, 0.7413925019127774, 0.7413925019127774, 0.7413925019127774, 0.7413925019127774, 0.7413925019127774, 0.7413925019127774, 0.7413925019127774, 0.4827850038255547, 0.7413925019127774, 969.0, 338.0, 338.0, 969.0, 1307.0, 1307.0]]]
[[['xgboostn_estimators:21max_depth:3learning_rate:0.4', 0.7413925019127774, 0.7413925019127774, 0.7413925019127774, 0.7413925019127774, 0.7413925019127774, 0.7413925019127774, 0.7413925019127774, 0.7413925019127774, 0.4827850038255547, 0.7413925019127774, 969.0, 338.0, 338.0, 969.0, 1307.0, 1307.0]]]
[[['xgboostn_estimators:31max_depth:3learning_rate:0.2', 0.7348890589135425, 0.7297904191616766, 0.7459831675592961, 0.7459831675592961, 0.7237949502677888, 0.7348053141235359, 0.7377979568671964, 0.7377979568671964, 0.46989380041687956, 0.7348890589135424, 975.0, 332.0, 361.0, 946.0, 1307.0, 1307.0]]]
[[['xgboostn_estimators:31max_depth:3learning_rate:0.2', 0.7348890589135425, 0.7297904191616766, 0.7459831675592961, 0.7459831675592961, 0.7237949502677888, 0.7348053141235359, 0.7377979568671964, 0.7377979568671964, 0.46989380041687956, 0.7348890589135424, 975.0, 332.0, 361.0, 946.0, 1307.0, 1307.0]]]
[[['xgboostn_estimators:31max_depth:3learning_rate:0.3', 0.7364192807957154, 0.7351598173515982, 0.739097169089518, 0.739097169089518, 0.7337413925019127, 0.7364144118918128, 0.7371232354063334, 0.7371232354063334, 0.47284534326903527, 0.7364192807957154, 966.0, 341.0, 348.0, 959.0, 1307.0, 1307.0]]]
[[['xgboostn_estimators:31max_depth:3learning_rate:0.3', 0.7364192807957154, 0.7351598173515982, 0.739097169089518, 0.739097169089518, 0.7337413925019127, 0.7364144118918128, 0.7371232354063334, 0.7371232354063334, 0.47284534326903527, 0.7364192807957154, 966.0, 341.0, 348.0, 959.0, 1307.0, 1307.0]]]
[[['xgboostn_estimators:31max_depth:3learning_rate:0.2', 0.7375669472073451, 0.7350492051476154, 0.7429227237949503, 0.7429227237949503, 0.7322111706197398, 0.7375475017040639, 0.7389649923896499, 0.7389649923896499, 0.47516115456759145, 0.7375669472073451, 971.0, 336.0, 350.0, 957.0, 1307.0, 1307.0]]]
[[['xgboostn_estimators:31max_depth:3learning_rate:0.2', 0.7375669472073451, 0.7350492051476154, 0.7429227237949503, 0.7429227237949503, 0.7322111706197398, 0.7375475017040639, 0.7389649923896499, 0.7389649923896499, 0.47516115456759145, 0.7375669472073451, 971.0, 336.0, 350.0, 957.0, 1307.0, 1307.0]]]
[[['xgboostn_estimators:31max_depth:3learning_rate:0.2', 0.7379495026778883, 0.7338345864661654, 0.7467482785003825, 0.7467482785003825, 0.7291507268553941, 0.7378970456957854, 0.7402351156617368, 0.7402351156617368, 0.47597270920672236, 0.7379495026778884, 976.0, 331.0, 354.0, 953.0, 1307.0, 1307.0]]]
[[['xgboostn_estimators:31max_depth:3learning_rate:0.2', 0.7379495026778883, 0.7338345864661654, 0.7467482785003825, 0.7467482785003825, 0.7291507268553941, 0.7378970456957854, 0.7402351156617368, 0.7402351156617368, 0.47597270920672236, 0.7379495026778884, 976.0, 331.0, 354.0, 953.0, 1307.0, 1307.0]]]
[[['xgboostn_estimators:31max_depth:3learning_rate:0.2', 0.7368018362662586, 0.7294292068198666, 0.7528691660290742, 0.7528691660290742, 0.720734506503443, 0.7366266264802158, 0.7409638554216867, 0.7409638554216867, 0.47384839226087627, 0.7368018362662585, 984.0, 323.0, 365.0, 942.0, 1307.0, 1307.0]]]
[[['xgboostn_estimators:31max_depth:3learning_rate:0.2', 0.7413925019127774, 0.7366841710427607, 0.7513389441469013, 0.7513389441469013, 0.7314460596786534, 0.7413257787095838, 0.743939393939394, 0.743939393939394, 0.4828805576814012, 0.7413925019127774, 982.0, 325.0, 351.0, 956.0, 1307.0, 1307.0]]]
[[['xgboostn_estimators:31max_depth:3learning_rate:0.2', 0.7413925019127774, 0.7366841710427607, 0.7513389441469013, 0.7513389441469013, 0.7314460596786534, 0.7413257787095838, 0.743939393939394, 0.743939393939394, 0.4828805576814012, 0.7413925019127774, 982.0, 325.0, 351.0, 956.0, 1307.0, 1307.0]]]
[[['xgboostn_estimators:31max_depth:3learning_rate:0.2', 0.7379495026778883, 0.735249621785174, 0.7436878347360367, 0.7436878347360367, 0.7322111706197398, 0.7379271915627809, 0.7394446557626473, 0.7394446557626473, 0.4759303496899556, 0.7379495026778883, 972.0, 335.0, 350.0, 957.0, 1307.0, 1307.0]]]
[[['xgboostn_estimators:31max_depth:3learning_rate:0.2', 0.7379495026778883, 0.735249621785174, 0.7436878347360367, 0.7436878347360367, 0.7322111706197398, 0.7379271915627809, 0.7394446557626473, 0.7394446557626473, 0.4759303496899556, 0.7379495026778883, 972.0, 335.0, 350.0, 957.0, 1307.0, 1307.0]]]
[[['xgboostn_estimators:31max_depth:3learning_rate:0.2', 0.7387146136189747, 0.7349397590361446, 0.7467482785003825, 0.7467482785003825, 0.730680948737567, 0.7386709284944172, 0.740796963946869, 0.740796963946869, 0.4774908655189648, 0.7387146136189747, 976.0, 331.0, 352.0, 955.0, 1307.0, 1307.0]]]
[[['xgboostn_estimators:31max_depth:3learning_rate:0.2', 0.7387146136189747, 0.7349397590361446, 0.7467482785003825, 0.7467482785003825, 0.730680948737567, 0.7386709284944172, 0.740796963946869, 0.740796963946869, 0.4774908655189648, 0.7387146136189747, 976.0, 331.0, 352.0, 955.0, 1307.0, 1307.0]]]
[[['xgboostn_estimators:31max_depth:3learning_rate:0.2', 0.740627390971691, 0.7366440933032355, 0.749043611323642, 0.749043611323642, 0.7322111706197398, 0.7405795699940158, 0.7427921092564492, 0.7427921092564492, 0.48132297364810617, 0.7406273909716908, 979.0, 328.0, 350.0, 957.0, 1307.0, 1307.0]]]
[[['xgboostn_estimators:31max_depth:3learning_rate:0.2', 0.740627390971691, 0.7366440933032355, 0.749043611323642, 0.749043611323642, 0.7322111706197398, 0.7405795699940158, 0.7427921092564492, 0.7427921092564492, 0.48132297364810617, 0.7406273909716908, 979.0, 328.0, 350.0, 957.0, 1307.0, 1307.0]]]
[[['xgboostn_estimators:31max_depth:3learning_rate:0.2', 0.7398622800306044, 0.7358916478555305, 0.7482785003825555, 0.7482785003825555, 0.7314460596786534, 0.7398144095968069, 0.7420333839150228, 0.7420333839150228, 0.47979253494016305, 0.7398622800306044, 978.0, 329.0, 351.0, 956.0, 1307.0, 1307.0]]]
[[['xgboostn_estimators:31max_depth:3learning_rate:0.2', 0.7425401683244071, 0.737987987987988, 0.7521040550879877, 0.7521040550879877, 0.7329762815608263, 0.7424785745361357, 0.7449791587722622, 0.7449791587722622, 0.48516909959502547, 0.742540168324407, 983.0, 324.0, 349.0, 958.0, 1307.0, 1307.0]]]
[[['xgboostn_estimators:31max_depth:3learning_rate:0.2', 0.7425401683244071, 0.737987987987988, 0.7521040550879877, 0.7521040550879877, 0.7329762815608263, 0.7424785745361357, 0.7449791587722622, 0.7449791587722622, 0.48516909959502547, 0.742540168324407, 983.0, 324.0, 349.0, 958.0, 1307.0, 1307.0]]]
[[['xgboostn_estimators:31max_depth:3learning_rate:0.4', 0.7333588370313695, 0.7324695121951219, 0.7352716143840857, 0.7352716143840857, 0.7314460596786534, 0.7333563425339702, 0.7338678885070636, 0.7338678885070636, 0.46672108927618927, 0.7333588370313696, 961.0, 346.0, 351.0, 956.0, 1307.0, 1307.0]]]
[[['xgboostn_estimators:31max_depth:3learning_rate:0.4', 0.7333588370313695, 0.7324695121951219, 0.7352716143840857, 0.7352716143840857, 0.7314460596786534, 0.7333563425339702, 0.7338678885070636, 0.7338678885070636, 0.46672108927618927, 0.7333588370313696, 961.0, 346.0, 351.0, 956.0, 1307.0, 1307.0]]]
[[['xgboostn_estimators:41max_depth:3learning_rate:0.2', 0.7402448355011476, 0.737518910741301, 0.7459831675592961, 0.7459831675592961, 0.7345065034429993, 0.7402225935698745, 0.7417268923545074, 0.7417268923545074, 0.48052131769339573, 0.7402448355011476, 975.0, 332.0, 347.0, 960.0, 1307.0, 1307.0]]]
[[['xgboostn_estimators:31max_depth:5learning_rate:0.2', 0.7421576128538638, 0.7392290249433107, 0.7482785003825555, 0.7482785003825555, 0.7360367253251722, 0.7421323716513158, 0.7437262357414448, 0.7437262357414448, 0.4843515197827951, 0.7421576128538638, 978.0, 329.0, 345.0, 962.0, 1307.0, 1307.0]]]
[[['xgboostn_estimators:31max_depth:5learning_rate:0.2', 0.7421576128538638, 0.7392290249433107, 0.7482785003825555, 0.7482785003825555, 0.7360367253251722, 0.7421323716513158, 0.7437262357414448, 0.7437262357414448, 0.4843515197827951, 0.7421576128538638, 978.0, 329.0, 345.0, 962.0, 1307.0, 1307.0]]]
[[['xgboostn_estimators:41max_depth:3learning_rate:0.3', 0.740627390971691, 0.740627390971691, 0.740627390971691, 0.740627390971691, 0.740627390971691, 0.740627390971691, 0.740627390971691, 0.740627390971691, 0.4812547819433818, 0.740627390971691, 968.0, 339.0, 339.0, 968.0, 1307.0, 1307.0]]]
[[['xgboostn_estimators:41max_depth:3learning_rate:0.3', 0.740627390971691, 0.740627390971691, 0.740627390971691, 0.740627390971691, 0.740627390971691, 0.740627390971691, 0.740627390971691, 0.740627390971691, 0.4812547819433818, 0.740627390971691, 968.0, 339.0, 339.0, 968.0, 1307.0, 1307.0]]]
[[['xgboostn_estimators:41max_depth:3learning_rate:0.3', 0.740627390971691, 0.740627390971691, 0.740627390971691, 0.740627390971691, 0.740627390971691, 0.740627390971691, 0.740627390971691, 0.740627390971691, 0.4812547819433818, 0.740627390971691, 968.0, 339.0, 339.0, 968.0, 1307.0, 1307.0]]]
[[['xgboostn_estimators:31max_depth:3learning_rate:0.3', 0.7345065034429993, 0.7309721175584024, 0.7421576128538638, 0.7421576128538638, 0.7268553940321346, 0.7344666528337713, 0.7365223993925588, 0.7365223993925588, 0.46906792808194675, 0.7345065034429993, 970.0, 337.0, 357.0, 950.0, 1307.0, 1307.0]]]
[[['xgboostn_estimators:31max_depth:3learning_rate:0.3', 0.7345065034429993, 0.7309721175584024, 0.7421576128538638, 0.7421576128538638, 0.7268553940321346, 0.7344666528337713, 0.7365223993925588, 0.7365223993925588, 0.46906792808194675, 0.7345065034429993, 970.0, 337.0, 357.0, 950.0, 1307.0, 1307.0]]]
[[['xgboostn_estimators:61max_depth:3learning_rate:0.2', 0.739097169089518, 0.7369219105382866, 0.7436878347360367, 0.7436878347360367, 0.7345065034429993, 0.7390829122264033, 0.7402894135567403, 0.7402894135567403, 0.4782144945902246, 0.739097169089518, 972.0, 335.0, 347.0, 960.0, 1307.0, 1307.0]]]
[[['xgboostn_estimators:61max_depth:3learning_rate:0.2', 0.739097169089518, 0.7369219105382866, 0.7436878347360367, 0.7436878347360367, 0.7345065034429993, 0.7390829122264033, 0.7402894135567403, 0.7402894135567403, 0.4782144945902246, 0.739097169089518, 972.0, 335.0, 347.0, 960.0, 1307.0, 1307.0]]]
[[['xgboostn_estimators:71max_depth:3learning_rate:0.2', 0.7371843917368018, 0.7373660030627871, 0.7368018362662586, 0.7368018362662586, 0.7375669472073451, 0.7371842924748672, 0.7370838117106773, 0.7370838117106773, 0.4743689223201628, 0.737184391736802, 963.0, 344.0, 343.0, 964.0, 1307.0, 1307.0]]]
[[['xgboostn_estimators:71max_depth:3learning_rate:0.2', 0.7371843917368018, 0.7373660030627871, 0.7368018362662586, 0.7368018362662586, 0.7375669472073451, 0.7371842924748672, 0.7370838117106773, 0.7370838117106773, 0.4743689223201628, 0.737184391736802, 963.0, 344.0, 343.0, 964.0, 1307.0, 1307.0]]]
[[['xgboostn_estimators:21max_depth:3learning_rate:0.4', 0.7387146136189747, 0.7370820668693009, 0.7421576128538638, 0.7421576128538638, 0.7352716143840857, 0.7387065900142625, 0.7396111322912696, 0.7396111322912696, 0.4774405467653528, 0.7387146136189746, 970.0, 337.0, 346.0, 961.0, 1307.0, 1307.0]]]
[[['xgboostn_estimators:21max_depth:3learning_rate:0.4', 0.7387146136189747, 0.7370820668693009, 0.7421576128538638, 0.7421576128538638, 0.7352716143840857, 0.7387065900142625, 0.7396111322912696, 0.7396111322912696, 0.4774405467653528, 0.7387146136189746, 970.0, 337.0, 346.0, 961.0, 1307.0, 1307.0]]]
[[['xgboostn_estimators:51max_depth:3learning_rate:0.2', 0.7383320581484315, 0.7365223993925588, 0.7421576128538638, 0.7421576128538638, 0.7345065034429993, 0.7383221473184282, 0.739329268292683, 0.739329268292683, 0.4766780687430541, 0.7383320581484315, 970.0, 337.0, 347.0, 960.0, 1307.0, 1307.0]]]
[[['xgboostn_estimators:51max_depth:3learning_rate:0.2', 0.7387146136189747, 0.7360060514372163, 0.7444529456771232, 0.7444529456771232, 0.7329762815608263, 0.7386923256129182, 0.7402054012932674, 0.7402054012932674, 0.477460672357769, 0.7387146136189747, 973.0, 334.0, 349.0, 958.0, 1307.0, 1307.0]]]
[[['xgboostn_estimators:51max_depth:3learning_rate:0.2', 0.7387146136189747, 0.7360060514372163, 0.7444529456771232, 0.7444529456771232, 0.7329762815608263, 0.7386923256129182, 0.7402054012932674, 0.7402054012932674, 0.477460672357769, 0.7387146136189747, 973.0, 334.0, 349.0, 958.0, 1307.0, 1307.0]]]
[[['xgboostn_estimators:31max_depth:4learning_rate:0.2', 0.7394797245600612, 0.7367624810892587, 0.7452180566182096, 0.7452180566182096, 0.7337413925019127, 0.7394574596152333, 0.7409661468238873, 0.7409661468238873, 0.47899099502558234, 0.7394797245600611, 974.0, 333.0, 348.0, 959.0, 1307.0, 1307.0]]]
[[['xgboostn_estimators:51max_depth:3learning_rate:0.2', 0.7387146136189747, 0.7356495468277946, 0.7452180566182096, 0.7452180566182096, 0.7322111706197398, 0.7386859857905704, 0.7404028886354999, 0.7404028886354999, 0.47746961788248177, 0.7387146136189747, 974.0, 333.0, 350.0, 957.0, 1307.0, 1307.0]]]
[[['xgboostn_estimators:51max_depth:3learning_rate:0.2', 0.7387146136189747, 0.7356495468277946, 0.7452180566182096, 0.7452180566182096, 0.7322111706197398, 0.7386859857905704, 0.7404028886354999, 0.7404028886354999, 0.47746961788248177, 0.7387146136189747, 974.0, 333.0, 350.0, 957.0, 1307.0, 1307.0]]]
[[['xgboostn_estimators:31max_depth:4learning_rate:0.2', 0.7387146136189747, 0.7331838565022422, 0.7505738332058148, 0.7505738332058148, 0.7268553940321346, 0.7386194143705013, 0.7417769376181474, 0.7417769376181474, 0.4775635762586633, 0.7387146136189747, 981.0, 326.0, 357.0, 950.0, 1307.0, 1307.0]]]
[[['xgboostn_estimators:71max_depth:3learning_rate:0.2', 0.7368018362662586, 0.7382602001539645, 0.7337413925019127, 0.7337413925019127, 0.7398622800306044, 0.736795480177027, 0.7359938603223329, 0.7359938603223329, 0.4736125446251588, 0.7368018362662586, 959.0, 348.0, 340.0, 967.0, 1307.0, 1307.0]]]
[[['xgboostn_estimators:71max_depth:3learning_rate:0.2', 0.7368018362662586, 0.7382602001539645, 0.7337413925019127, 0.7337413925019127, 0.7398622800306044, 0.736795480177027, 0.7359938603223329, 0.7359938603223329, 0.4736125446251588, 0.7368018362662586, 959.0, 348.0, 340.0, 967.0, 1307.0, 1307.0]]]
[[['xgboostn_estimators:51max_depth:3learning_rate:0.2', 0.7360367253251722, 0.7356760886172651, 0.7368018362662586, 0.7368018362662586, 0.7352716143840857, 0.7360363276582554, 0.7362385321100917, 0.7362385321100917, 0.47207400334995625, 0.7360367253251722, 963.0, 344.0, 346.0, 961.0, 1307.0, 1307.0]]]
[[['xgboostn_estimators:51max_depth:3learning_rate:0.2', 0.7360367253251722, 0.7356760886172651, 0.7368018362662586, 0.7368018362662586, 0.7352716143840857, 0.7360363276582554, 0.7362385321100917, 0.7362385321100917, 0.47207400334995625, 0.7360367253251722, 963.0, 344.0, 346.0, 961.0, 1307.0, 1307.0]]]
[[['xgboostn_estimators:61max_depth:3learning_rate:0.2', 0.7360367253251722, 0.7353165522501907, 0.7375669472073451, 0.7375669472073451, 0.7345065034429993, 0.7360351346562162, 0.7364400305576776, 0.7364400305576776, 0.47207566146043983, 0.7360367253251721, 964.0, 343.0, 347.0, 960.0, 1307.0, 1307.0]]]
[[['xgboostn_estimators:31max_depth:3learning_rate:0.2', 0.7352716143840857, 0.7324263038548753, 0.7413925019127774, 0.7413925019127774, 0.7291507268553941, 0.7352461367833502, 0.7368821292775666, 0.7368821292775666, 0.47057849078423225, 0.7352716143840857, 969.0, 338.0, 354.0, 953.0, 1307.0, 1307.0]]]
[[['xgboostn_estimators:31max_depth:3learning_rate:0.2', 0.7352716143840857, 0.7324263038548753, 0.7413925019127774, 0.7413925019127774, 0.7291507268553941, 0.7352461367833502, 0.7368821292775666, 0.7368821292775666, 0.47057849078423225, 0.7352716143840857, 969.0, 338.0, 354.0, 953.0, 1307.0, 1307.0]]]
[[['xgboostn_estimators:21max_depth:3learning_rate:0.2', 0.7341239479724561, 0.7270029673590505, 0.7498087222647284, 0.7498087222647284, 0.7184391736801836, 0.7339563739365343, 0.7382297551789077, 0.7382297551789077, 0.46847845545836514, 0.7341239479724561, 980.0, 327.0, 368.0, 939.0, 1307.0, 1307.0]]]
[[['xgboostn_estimators:51max_depth:4learning_rate:0.2', 0.7352716143840857, 0.7313769751693002, 0.7436878347360367, 0.7436878347360367, 0.7268553940321346, 0.7352234450518883, 0.7374810318664644, 0.7374810318664644, 0.4706099026925044, 0.7352716143840857, 972.0, 335.0, 357.0, 950.0, 1307.0, 1307.0]]]
[[['xgboostn_estimators:51max_depth:4learning_rate:0.2', 0.7352716143840857, 0.7313769751693002, 0.7436878347360367, 0.7436878347360367, 0.7268553940321346, 0.7352234450518883, 0.7374810318664644, 0.7374810318664644, 0.4706099026925044, 0.7352716143840857, 972.0, 335.0, 357.0, 950.0, 1307.0, 1307.0]]]
[[['xgboostn_estimators:21max_depth:3learning_rate:0.2', 0.7348890589135425, 0.7277448071216617, 0.7505738332058148, 0.7505738332058148, 0.7192042846212701, 0.7347216593828118, 0.7389830508474576, 0.7389830508474576, 0.47000943080300034, 0.7348890589135424, 981.0, 326.0, 367.0, 940.0, 1307.0, 1307.0]]]
[[['xgboostn_estimators:21max_depth:3learning_rate:0.2', 0.7364192807957154, 0.7295690936106983, 0.7513389441469013, 0.7513389441469013, 0.7214996174445295, 0.736268131031872, 0.7402940067847719, 0.7402940067847719, 0.47304920654843785, 0.7364192807957153, 982.0, 325.0, 364.0, 943.0, 1307.0, 1307.0]]]
[[['xgboostn_estimators:21max_depth:3learning_rate:0.2', 0.7360367253251722, 0.729368029739777, 0.7505738332058148, 0.7505738332058148, 0.7214996174445295, 0.7358931536044275, 0.7398190045248869, 0.7398190045248869, 0.4722731014438859, 0.7360367253251721, 981.0, 326.0, 364.0, 943.0, 1307.0, 1307.0]]]
[[['xgboostn_estimators:21max_depth:3learning_rate:0.2', 0.739097169089518, 0.7316530763528539, 0.7551644988523336, 0.7551644988523336, 0.7230298393267024, 0.7389225035620667, 0.7432228915662651, 0.7432228915662651, 0.47844142998876843, 0.7390971690895181, 987.0, 320.0, 362.0, 945.0, 1307.0, 1307.0]]]
[[['xgboostn_estimators:21max_depth:3learning_rate:0.2', 0.7402448355011476, 0.7329376854599406, 0.75592960979342, 0.75592960979342, 0.7245600612088753, 0.7400786474027755, 0.7442561205273069, 0.7442561205273069, 0.48072625821544657, 0.7402448355011476, 988.0, 319.0, 360.0, 947.0, 1307.0, 1307.0]]]
[[['xgboostn_estimators:21max_depth:3learning_rate:0.2', 0.7402448355011476, 0.7329376854599406, 0.75592960979342, 0.75592960979342, 0.7245600612088753, 0.7400786474027755, 0.7442561205273069, 0.7442561205273069, 0.48072625821544657, 0.7402448355011476, 988.0, 319.0, 360.0, 947.0, 1307.0, 1307.0]]]
[[['xgboostn_estimators:21max_depth:3learning_rate:0.2', 0.740627390971691, 0.7331356560415122, 0.7566947207345065, 0.7566947207345065, 0.7245600612088753, 0.7404530864084684, 0.7447289156626505, 0.7447289156626505, 0.48150345514069653, 0.7406273909716908, 989.0, 318.0, 360.0, 947.0, 1307.0, 1307.0]]]
[[['xgboostn_estimators:21max_depth:3learning_rate:0.2', 0.740627390971691, 0.7331356560415122, 0.7566947207345065, 0.7566947207345065, 0.7245600612088753, 0.7404530864084684, 0.7447289156626505, 0.7447289156626505, 0.48150345514069653, 0.7406273909716908, 989.0, 318.0, 360.0, 947.0, 1307.0, 1307.0]]]
[[['xgboostn_estimators:21max_depth:3learning_rate:0.2', 0.740627390971691, 0.7331356560415122, 0.7566947207345065, 0.7566947207345065, 0.7245600612088753, 0.7404530864084684, 0.7447289156626505, 0.7447289156626505, 0.48150345514069653, 0.7406273909716908, 989.0, 318.0, 360.0, 947.0, 1307.0, 1307.0]]]
[[['xgboostn_estimators:21max_depth:3learning_rate:0.2', 0.740627390971691, 0.7331356560415122, 0.7566947207345065, 0.7566947207345065, 0.7245600612088753, 0.7404530864084684, 0.7447289156626505, 0.7447289156626505, 0.48150345514069653, 0.7406273909716908, 989.0, 318.0, 360.0, 947.0, 1307.0, 1307.0]]]
[[['xgboostn_estimators:21max_depth:3learning_rate:0.2', 0.7410099464422342, 0.7340267459138187, 0.75592960979342, 0.75592960979342, 0.7260902830910482, 0.7408597332638682, 0.7448171880889559, 0.7448171880889559, 0.48223462803481526, 0.7410099464422342, 988.0, 319.0, 358.0, 949.0, 1307.0, 1307.0]]]
[[['xgboostn_estimators:21max_depth:3learning_rate:0.2', 0.7410099464422342, 0.7340267459138187, 0.75592960979342, 0.75592960979342, 0.7260902830910482, 0.7408597332638682, 0.7448171880889559, 0.7448171880889559, 0.48223462803481526, 0.7410099464422342, 988.0, 319.0, 358.0, 949.0, 1307.0, 1307.0]]]
[[['xgboostn_estimators:21max_depth:3learning_rate:0.2', 0.7410099464422342, 0.7340267459138187, 0.75592960979342, 0.75592960979342, 0.7260902830910482, 0.7408597332638682, 0.7448171880889559, 0.7448171880889559, 0.48223462803481526, 0.7410099464422342, 988.0, 319.0, 358.0, 949.0, 1307.0, 1307.0]]]
[[['xgboostn_estimators:21max_depth:3learning_rate:0.2', 0.7371843917368018, 0.7299703264094956, 0.7528691660290742, 0.7528691660290742, 0.7214996174445295, 0.7370175135475133, 0.7412429378531074, 0.7412429378531074, 0.4746023568369059, 0.7371843917368017, 984.0, 323.0, 364.0, 943.0, 1307.0, 1307.0]]]
[[['xgboostn_estimators:21max_depth:3learning_rate:0.2', 0.7368018362662586, 0.7297698589458055, 0.7521040550879877, 0.7521040550879877, 0.7214996174445295, 0.7366429175825031, 0.7407686510926903, 0.7407686510926903, 0.47382562454375093, 0.7368018362662585, 983.0, 324.0, 364.0, 943.0, 1307.0, 1307.0]]]
[[['xgboostn_estimators:21max_depth:3learning_rate:0.2', 0.7368018362662586, 0.7297698589458055, 0.7521040550879877, 0.7521040550879877, 0.7214996174445295, 0.7366429175825031, 0.7407686510926903, 0.7407686510926903, 0.47382562454375093, 0.7368018362662585, 983.0, 324.0, 364.0, 943.0, 1307.0, 1307.0]]]
[[['xgboostn_estimators:21max_depth:4learning_rate:0.2', 0.7371843917368018, 0.7289512555391433, 0.7551644988523336, 0.7551644988523336, 0.7192042846212701, 0.7369650895181349, 0.741826381059752, 0.741826381059752, 0.47467579317448194, 0.7371843917368018, 987.0, 320.0, 367.0, 940.0, 1307.0, 1307.0]]]
[[['xgboostn_estimators:21max_depth:4learning_rate:0.2', 0.7371843917368018, 0.7289512555391433, 0.7551644988523336, 0.7551644988523336, 0.7192042846212701, 0.7369650895181349, 0.741826381059752, 0.741826381059752, 0.47467579317448194, 0.7371843917368018, 987.0, 320.0, 367.0, 940.0, 1307.0, 1307.0]]]
[[['xgboostn_estimators:21max_depth:3learning_rate:0.2', 0.7379495026778883, 0.7310549777117384, 0.7528691660290742, 0.7528691660290742, 0.7230298393267024, 0.737798666404345, 0.7418017338861665, 0.7418017338861665, 0.47611101371056364, 0.7379495026778883, 984.0, 323.0, 362.0, 945.0, 1307.0, 1307.0]]]
[[['xgboostn_estimators:21max_depth:3learning_rate:0.2', 0.7371843917368018, 0.7316890881913304, 0.749043611323642, 0.749043611323642, 0.7253251721499617, 0.7370889948514695, 0.7402646502835539, 0.7402646502835539, 0.4745022712826462, 0.7371843917368018, 979.0, 328.0, 359.0, 948.0, 1307.0, 1307.0]]]
[[['xgboostn_estimators:21max_depth:3learning_rate:0.2', 0.7371843917368018, 0.7316890881913304, 0.749043611323642, 0.749043611323642, 0.7253251721499617, 0.7370889948514695, 0.7402646502835539, 0.7402646502835539, 0.4745022712826462, 0.7371843917368018, 979.0, 328.0, 359.0, 948.0, 1307.0, 1307.0]]]
[[['xgboostn_estimators:21max_depth:3learning_rate:0.2', 0.7379495026778883, 0.7317436661698957, 0.7513389441469013, 0.7513389441469013, 0.7245600612088753, 0.7378280228885933, 0.7414118535296338, 0.7414118535296338, 0.47606973281179005, 0.7379495026778882, 982.0, 325.0, 360.0, 947.0, 1307.0, 1307.0]]]
[[['xgboostn_estimators:31max_depth:4learning_rate:0.2', 0.7360367253251722, 0.7303958177744585, 0.7482785003825555, 0.7482785003825555, 0.7237949502677888, 0.7359349155807512, 0.7392290249433107, 0.7392290249433107, 0.47221500514621584, 0.7360367253251721, 978.0, 329.0, 361.0, 946.0, 1307.0, 1307.0]]]
[[['xgboostn_estimators:41max_depth:3learning_rate:0.2', 0.7364192807957154, 0.7323308270676692, 0.7452180566182096, 0.7452180566182096, 0.7276205049732212, 0.7363667148043183, 0.738718240424725, 0.738718240424725, 0.4729117914626277, 0.7364192807957154, 974.0, 333.0, 356.0, 951.0, 1307.0, 1307.0]]]
[[['xgboostn_estimators:41max_depth:3learning_rate:0.2', 0.7364192807957154, 0.7323308270676692, 0.7452180566182096, 0.7452180566182096, 0.7276205049732212, 0.7363667148043183, 0.738718240424725, 0.738718240424725, 0.4729117914626277, 0.7364192807957154, 974.0, 333.0, 356.0, 951.0, 1307.0, 1307.0]]]
[[['xgboostn_estimators:41max_depth:3learning_rate:0.2', 0.7371843917368018, 0.733433734939759, 0.7452180566182096, 0.7452180566182096, 0.7291507268553941, 0.737140615926793, 0.7392789373814042, 0.7392789373814042, 0.474430026637433, 0.7371843917368018, 974.0, 333.0, 354.0, 953.0, 1307.0, 1307.0]]]
[[['xgboostn_estimators:41max_depth:3learning_rate:0.2', 0.7371843917368018, 0.733433734939759, 0.7452180566182096, 0.7452180566182096, 0.7291507268553941, 0.737140615926793, 0.7392789373814042, 0.7392789373814042, 0.474430026637433, 0.7371843917368018, 974.0, 333.0, 354.0, 953.0, 1307.0, 1307.0]]]
[[['xgboostn_estimators:21max_depth:3learning_rate:0.2', 0.7348890589135425, 0.7260677466863034, 0.7543993879112472, 0.7543993879112472, 0.7153787299158378, 0.7346300265938178, 0.7399624765478425, 0.7399624765478425, 0.47013617160281085, 0.7348890589135425, 986.0, 321.0, 372.0, 935.0, 1307.0, 1307.0]]]
[[['xgboostn_estimators:21max_depth:3learning_rate:0.2', 0.7348890589135425, 0.7260677466863034, 0.7543993879112472, 0.7543993879112472, 0.7153787299158378, 0.7346300265938178, 0.7399624765478425, 0.7399624765478425, 0.47013617160281085, 0.7348890589135425, 986.0, 321.0, 372.0, 935.0, 1307.0, 1307.0]]]
[[['xgboostn_estimators:21max_depth:3learning_rate:0.2', 0.7383320581484315, 0.7298892988929889, 0.7566947207345065, 0.7566947207345065, 0.7199693955623565, 0.7381036788368209, 0.7430503380916605, 0.7430503380916605, 0.47698589207607195, 0.7383320581484314, 989.0, 318.0, 366.0, 941.0, 1307.0, 1307.0]]]
[[['xgboostn_estimators:21max_depth:3learning_rate:0.2', 0.7383320581484315, 0.7298892988929889, 0.7566947207345065, 0.7566947207345065, 0.7199693955623565, 0.7381036788368209, 0.7430503380916605, 0.7430503380916605, 0.47698589207607195, 0.7383320581484314, 989.0, 318.0, 366.0, 941.0, 1307.0, 1307.0]]]
[[['xgboostn_estimators:21max_depth:3learning_rate:0.2', 0.7387146136189747, 0.7304283604135894, 0.7566947207345065, 0.7566947207345065, 0.720734506503443, 0.7384957658120628, 0.7433295753476138, 0.7433295753476138, 0.47773821764657537, 0.7387146136189747, 989.0, 318.0, 365.0, 942.0, 1307.0, 1307.0]]]
[[['xgboostn_estimators:21max_depth:3learning_rate:0.2', 0.7387146136189747, 0.7304283604135894, 0.7566947207345065, 0.7566947207345065, 0.720734506503443, 0.7384957658120628, 0.7433295753476138, 0.7433295753476138, 0.47773821764657537, 0.7387146136189747, 989.0, 318.0, 365.0, 942.0, 1307.0, 1307.0]]]
[[['xgboostn_estimators:21max_depth:3learning_rate:0.2', 0.7387146136189747, 0.7304283604135894, 0.7566947207345065, 0.7566947207345065, 0.720734506503443, 0.7384957658120628, 0.7433295753476138, 0.7433295753476138, 0.47773821764657537, 0.7387146136189747, 989.0, 318.0, 365.0, 942.0, 1307.0, 1307.0]]]
[[['xgboostn_estimators:21max_depth:3learning_rate:0.2', 0.7387146136189747, 0.7304283604135894, 0.7566947207345065, 0.7566947207345065, 0.720734506503443, 0.7384957658120628, 0.7433295753476138, 0.7433295753476138, 0.47773821764657537, 0.7387146136189747, 989.0, 318.0, 365.0, 942.0, 1307.0, 1307.0]]]
[[['xgboostn_estimators:21max_depth:3learning_rate:0.2', 0.7387146136189747, 0.7304283604135894, 0.7566947207345065, 0.7566947207345065, 0.720734506503443, 0.7384957658120628, 0.7433295753476138, 0.7433295753476138, 0.47773821764657537, 0.7387146136189747, 989.0, 318.0, 365.0, 942.0, 1307.0, 1307.0]]]
[[['xgboostn_estimators:21max_depth:3learning_rate:0.2', 0.7387146136189747, 0.7304283604135894, 0.7566947207345065, 0.7566947207345065, 0.720734506503443, 0.7384957658120628, 0.7433295753476138, 0.7433295753476138, 0.47773821764657537, 0.7387146136189747, 989.0, 318.0, 365.0, 942.0, 1307.0, 1307.0]]]
[[['xgboostn_estimators:21max_depth:3learning_rate:0.2', 0.7364192807957154, 0.7285502958579881, 0.7536342769701607, 0.7536342769701607, 0.7192042846212701, 0.7362180390579903, 0.7408800300864986, 0.7408800300864986, 0.47311906818333116, 0.7364192807957154, 985.0, 322.0, 367.0, 940.0, 1307.0, 1307.0]]]
[[['xgboostn_estimators:21max_depth:3learning_rate:0.2', 0.7364192807957154, 0.7285502958579881, 0.7536342769701607, 0.7536342769701607, 0.7192042846212701, 0.7362180390579903, 0.7408800300864986, 0.7408800300864986, 0.47311906818333116, 0.7364192807957154, 985.0, 322.0, 367.0, 940.0, 1307.0, 1307.0]]]
[[['xgboostn_estimators:21max_depth:3learning_rate:0.2', 0.7364192807957154, 0.7285502958579881, 0.7536342769701607, 0.7536342769701607, 0.7192042846212701, 0.7362180390579903, 0.7408800300864986, 0.7408800300864986, 0.47311906818333116, 0.7364192807957154, 985.0, 322.0, 367.0, 940.0, 1307.0, 1307.0]]]
[[['xgboostn_estimators:21max_depth:3learning_rate:0.2', 0.7348890589135425, 0.7267355982274741, 0.7528691660290742, 0.7528691660290742, 0.7169089517980107, 0.7346690715274096, 0.7395715896279593, 0.7395715896279593, 0.47008215646634177, 0.7348890589135424, 984.0, 323.0, 370.0, 937.0, 1307.0, 1307.0]]]
[[['xgboostn_estimators:21max_depth:3learning_rate:0.2', 0.7348890589135425, 0.7267355982274741, 0.7528691660290742, 0.7528691660290742, 0.7169089517980107, 0.7346690715274096, 0.7395715896279593, 0.7395715896279593, 0.47008215646634177, 0.7348890589135424, 984.0, 323.0, 370.0, 937.0, 1307.0, 1307.0]]]
[[['xgboostn_estimators:51max_depth:3learning_rate:0.2', 0.7360367253251722, 0.7328301886792453, 0.7429227237949503, 0.7429227237949503, 0.7291507268553941, 0.7360045136087666, 0.7378419452887538, 0.7378419452887538, 0.4721182256096696, 0.7360367253251723, 971.0, 336.0, 354.0, 953.0, 1307.0, 1307.0]]]
[[['xgboostn_estimators:51max_depth:3learning_rate:0.2', 0.7360367253251722, 0.7328301886792453, 0.7429227237949503, 0.7429227237949503, 0.7291507268553941, 0.7360045136087666, 0.7378419452887538, 0.7378419452887538, 0.4721182256096696, 0.7360367253251723, 971.0, 336.0, 354.0, 953.0, 1307.0, 1307.0]]]
[[['xgboostn_estimators:41max_depth:3learning_rate:0.2', 0.7368018362662586, 0.7328818660647103, 0.7452180566182096, 0.7452180566182096, 0.7283856159143076, 0.7367537669807451, 0.7389984825493172, 0.7389984825493172, 0.47367078010839064, 0.7368018362662586, 974.0, 333.0, 355.0, 952.0, 1307.0, 1307.0]]]
[[['xgboostn_estimators:21max_depth:3learning_rate:0.2', 0.735654169854629, 0.7268041237113402, 0.7551644988523336, 0.7551644988523336, 0.7161438408569243, 0.7353954070341373, 0.7407129455909944, 0.7407129455909944, 0.4716675597839275, 0.735654169854629, 987.0, 320.0, 371.0, 936.0, 1307.0, 1307.0]]]
[[['xgboostn_estimators:21max_depth:3learning_rate:0.2', 0.7348890589135425, 0.7284226190476191, 0.749043611323642, 0.749043611323642, 0.720734506503443, 0.7347527322554859, 0.7385892116182573, 0.7385892116182573, 0.4699664724098426, 0.7348890589135424, 979.0, 328.0, 365.0, 942.0, 1307.0, 1307.0]]]
[[['xgboostn_estimators:21max_depth:3learning_rate:0.2', 0.7348890589135425, 0.7284226190476191, 0.749043611323642, 0.749043611323642, 0.720734506503443, 0.7347527322554859, 0.7385892116182573, 0.7385892116182573, 0.4699664724098426, 0.7348890589135424, 979.0, 328.0, 365.0, 942.0, 1307.0, 1307.0]]]
[[['xgboostn_estimators:31max_depth:3learning_rate:0.2', 0.735654169854629, 0.7315789473684211, 0.7444529456771232, 0.7444529456771232, 0.7268553940321346, 0.7356015491885052, 0.7379598028062192, 0.7379598028062192, 0.47138133259058035, 0.7356541698546291, 973.0, 334.0, 357.0, 950.0, 1307.0, 1307.0]]]
[[['xgboostn_estimators:31max_depth:3learning_rate:0.2', 0.735654169854629, 0.7315789473684211, 0.7444529456771232, 0.7444529456771232, 0.7268553940321346, 0.7356015491885052, 0.7379598028062192, 0.7379598028062192, 0.47138133259058035, 0.7356541698546291, 973.0, 334.0, 357.0, 950.0, 1307.0, 1307.0]]]
[[['xgboostn_estimators:31max_depth:3learning_rate:0.2', 0.735654169854629, 0.7315789473684211, 0.7444529456771232, 0.7444529456771232, 0.7268553940321346, 0.7356015491885052, 0.7379598028062192, 0.7379598028062192, 0.47138133259058035, 0.7356541698546291, 973.0, 334.0, 357.0, 950.0, 1307.0, 1307.0]]]
[[['xgboostn_estimators:31max_depth:3learning_rate:0.2', 0.735654169854629, 0.7315789473684211, 0.7444529456771232, 0.7444529456771232, 0.7268553940321346, 0.7356015491885052, 0.7379598028062192, 0.7379598028062192, 0.47138133259058035, 0.7356541698546291, 973.0, 334.0, 357.0, 950.0, 1307.0, 1307.0]]]
[[['xgboostn_estimators:31max_depth:3learning_rate:0.2', 0.7352716143840857, 0.7293064876957495, 0.7482785003825555, 0.7482785003825555, 0.722264728385616, 0.7351565600847226, 0.7386706948640483, 0.7386706948640483, 0.47070252176412597, 0.7352716143840856, 978.0, 329.0, 363.0, 944.0, 1307.0, 1307.0]]]
[[['xgboostn_estimators:61max_depth:3learning_rate:0.2', 0.7375669472073451, 0.7357630979498861, 0.7413925019127774, 0.7413925019127774, 0.7337413925019127, 0.7375570260962594, 0.7385670731707318, 0.7385670731707318, 0.4751478020697216, 0.7375669472073451, 969.0, 338.0, 348.0, 959.0, 1307.0, 1307.0]]]
[[['xgboostn_estimators:21max_depth:3learning_rate:0.3', 0.7348890589135425, 0.7308270676691729, 0.7436878347360367, 0.7436878347360367, 0.7260902830910482, 0.7348363834588333, 0.7372013651877132, 0.7372013651877132, 0.469850873718533, 0.7348890589135426, 972.0, 335.0, 358.0, 949.0, 1307.0, 1307.0]]]
[[['xgboostn_estimators:21max_depth:3learning_rate:0.3', 0.7348890589135425, 0.7308270676691729, 0.7436878347360367, 0.7436878347360367, 0.7260902830910482, 0.7348363834588333, 0.7372013651877132, 0.7372013651877132, 0.469850873718533, 0.7348890589135426, 972.0, 335.0, 358.0, 949.0, 1307.0, 1307.0]]]
[[['xgboostn_estimators:21max_depth:3learning_rate:0.3', 0.735654169854629, 0.7329803328290468, 0.7413925019127774, 0.7413925019127774, 0.7299158377964805, 0.7356317891239432, 0.7371624191707873, 0.7371624191707873, 0.47133938168651557, 0.735654169854629, 969.0, 338.0, 353.0, 954.0, 1307.0, 1307.0]]]
[[['xgboostn_estimators:21max_depth:3learning_rate:0.3', 0.7341239479724561, 0.7307692307692307, 0.7413925019127774, 0.7413925019127774, 0.7268553940321346, 0.7340879641502658, 0.7360425370300038, 0.7360425370300038, 0.46829738061806525, 0.7341239479724561, 969.0, 338.0, 357.0, 950.0, 1307.0, 1307.0]]]
[[['xgboostn_estimators:31max_depth:5learning_rate:0.2', 0.7341239479724561, 0.7311178247734139, 0.740627390971691, 0.740627390971691, 0.7276205049732212, 0.734095141119883, 0.7358418852147474, 0.7358418852147474, 0.46828750984628015, 0.7341239479724561, 968.0, 339.0, 356.0, 951.0, 1307.0, 1307.0]]]
[[['xgboostn_estimators:31max_depth:5learning_rate:0.2', 0.7341239479724561, 0.7311178247734139, 0.740627390971691, 0.740627390971691, 0.7276205049732212, 0.734095141119883, 0.7358418852147474, 0.7358418852147474, 0.46828750984628015, 0.7341239479724561, 968.0, 339.0, 356.0, 951.0, 1307.0, 1307.0]]]
[[['xgboostn_estimators:41max_depth:3learning_rate:0.2', 0.7329762815608263, 0.7294649585531273, 0.740627390971691, 0.740627390971691, 0.7253251721499617, 0.732936347751644, 0.7350037965072135, 0.7350037965072135, 0.46600712594111837, 0.7329762815608263, 968.0, 339.0, 359.0, 948.0, 1307.0, 1307.0]]]
[[['xgboostn_estimators:41max_depth:3learning_rate:0.2', 0.7329762815608263, 0.7294649585531273, 0.740627390971691, 0.740627390971691, 0.7253251721499617, 0.732936347751644, 0.7350037965072135, 0.7350037965072135, 0.46600712594111837, 0.7329762815608263, 968.0, 339.0, 359.0, 948.0, 1307.0, 1307.0]]]
[[['xgboostn_estimators:81max_depth:3learning_rate:0.2', 0.7333588370313695, 0.7310606060606061, 0.7383320581484315, 0.7383320581484315, 0.7283856159143076, 0.733341974063754, 0.7346783403121432, 0.7346783403121432, 0.4667407623653957, 0.7333588370313696, 965.0, 342.0, 355.0, 952.0, 1307.0, 1307.0]]]
[[['xgboostn_estimators:31max_depth:3learning_rate:0.3', 0.7329762815608263, 0.7308567096285065, 0.7375669472073451, 0.7375669472073451, 0.7283856159143076, 0.732961905640162, 0.7341964965727342, 0.7341964965727342, 0.4659722035287148, 0.7329762815608264, 964.0, 343.0, 355.0, 952.0, 1307.0, 1307.0]]]
[[['xgboostn_estimators:31max_depth:3learning_rate:0.3', 0.7329762815608263, 0.7308567096285065, 0.7375669472073451, 0.7375669472073451, 0.7283856159143076, 0.732961905640162, 0.7341964965727342, 0.7341964965727342, 0.4659722035287148, 0.7329762815608264, 964.0, 343.0, 355.0, 952.0, 1307.0, 1307.0]]]
[[['xgboostn_estimators:31max_depth:4learning_rate:0.2', 0.7325937260902831, 0.729607250755287, 0.739097169089518, 0.739097169089518, 0.7260902830910482, 0.7325648590643701, 0.734321550741163, 0.734321550741163, 0.46522680716754633, 0.7325937260902832, 966.0, 341.0, 358.0, 949.0, 1307.0, 1307.0]]]
[[['xgboostn_estimators:11max_depth:3learning_rate:0.3', 0.7322111706197398, 0.7253155159613957, 0.7475133894414691, 0.7475133894414691, 0.7169089517980107, 0.7320512553636267, 0.7362471740768651, 0.7362471740768651, 0.4646399904653583, 0.7322111706197398, 977.0, 330.0, 370.0, 937.0, 1307.0, 1307.0]]]
[[['xgboostn_estimators:11max_depth:3learning_rate:0.3', 0.7322111706197398, 0.7253155159613957, 0.7475133894414691, 0.7475133894414691, 0.7169089517980107, 0.7320512553636267, 0.7362471740768651, 0.7362471740768651, 0.4646399904653583, 0.7322111706197398, 977.0, 330.0, 370.0, 937.0, 1307.0, 1307.0]]]
[[['xgboostn_estimators:11max_depth:3learning_rate:0.3', 0.7322111706197398, 0.7253155159613957, 0.7475133894414691, 0.7475133894414691, 0.7169089517980107, 0.7320512553636267, 0.7362471740768651, 0.7362471740768651, 0.4646399904653583, 0.7322111706197398, 977.0, 330.0, 370.0, 937.0, 1307.0, 1307.0]]]
[[['xgboostn_estimators:11max_depth:3learning_rate:0.3', 0.7322111706197398, 0.7253155159613957, 0.7475133894414691, 0.7475133894414691, 0.7169089517980107, 0.7320512553636267, 0.7362471740768651, 0.7362471740768651, 0.4646399904653583, 0.7322111706197398, 977.0, 330.0, 370.0, 937.0, 1307.0, 1307.0]]]
[[['xgboostn_estimators:41max_depth:3learning_rate:0.2', 0.7348890589135425, 0.7291044776119403, 0.7475133894414691, 0.7475133894414691, 0.722264728385616, 0.7347806170480776, 0.7381941820929355, 0.7381941820929355, 0.46992793003290406, 0.7348890589135424, 977.0, 330.0, 363.0, 944.0, 1307.0, 1307.0]]]
[[['xgboostn_estimators:41max_depth:3learning_rate:0.2', 0.7345065034429993, 0.7278810408921933, 0.749043611323642, 0.749043611323642, 0.7199693955623565, 0.734362632555965, 0.7383107088989441, 0.7383107088989441, 0.4692113633470049, 0.7345065034429992, 979.0, 328.0, 366.0, 941.0, 1307.0, 1307.0]]]
[[['xgboostn_estimators:41max_depth:3learning_rate:0.2', 0.7345065034429993, 0.7278810408921933, 0.749043611323642, 0.749043611323642, 0.7199693955623565, 0.734362632555965, 0.7383107088989441, 0.7383107088989441, 0.4692113633470049, 0.7345065034429992, 979.0, 328.0, 366.0, 941.0, 1307.0, 1307.0]]]
[[['xgboostn_estimators:41max_depth:3learning_rate:0.2', 0.7352716143840857, 0.7293064876957495, 0.7482785003825555, 0.7482785003825555, 0.722264728385616, 0.7351565600847226, 0.7386706948640483, 0.7386706948640483, 0.47070252176412597, 0.7352716143840856, 978.0, 329.0, 363.0, 944.0, 1307.0, 1307.0]]]
[[['xgboostn_estimators:41max_depth:3learning_rate:0.2', 0.7352716143840857, 0.7293064876957495, 0.7482785003825555, 0.7482785003825555, 0.722264728385616, 0.7351565600847226, 0.7386706948640483, 0.7386706948640483, 0.47070252176412597, 0.7352716143840856, 978.0, 329.0, 363.0, 944.0, 1307.0, 1307.0]]]
[[['xgboostn_estimators:41max_depth:3learning_rate:0.2', 0.7371843917368018, 0.7306547619047619, 0.7513389441469013, 0.7513389441469013, 0.7230298393267024, 0.7370484896303826, 0.7408525084873632, 0.7408525084873632, 0.47455897865488994, 0.7371843917368017, 982.0, 325.0, 362.0, 945.0, 1307.0, 1307.0]]]
[[['xgboostn_estimators:41max_depth:3learning_rate:0.2', 0.7371843917368018, 0.7306547619047619, 0.7513389441469013, 0.7513389441469013, 0.7230298393267024, 0.7370484896303826, 0.7408525084873632, 0.7408525084873632, 0.47455897865488994, 0.7371843917368017, 982.0, 325.0, 362.0, 945.0, 1307.0, 1307.0]]]
[[['xgboostn_estimators:41max_depth:3learning_rate:0.2', 0.7341239479724561, 0.7273402674591382, 0.749043611323642, 0.749043611323642, 0.7192042846212701, 0.7339723255219863, 0.73803241613268, 0.73803241613268, 0.4684564958052491, 0.734123947972456, 979.0, 328.0, 367.0, 940.0, 1307.0, 1307.0]]]
[[['xgboostn_estimators:41max_depth:3learning_rate:0.2', 0.7341239479724561, 0.7273402674591382, 0.749043611323642, 0.749043611323642, 0.7192042846212701, 0.7339723255219863, 0.73803241613268, 0.73803241613268, 0.4684564958052491, 0.734123947972456, 979.0, 328.0, 367.0, 940.0, 1307.0, 1307.0]]]
[[['xgboostn_estimators:31max_depth:3learning_rate:0.3', 0.7329762815608263, 0.7305071915215746, 0.7383320581484315, 0.7383320581484315, 0.7276205049732212, 0.7329567142661833, 0.7343987823439879, 0.7343987823439879, 0.4659792965083143, 0.7329762815608264, 965.0, 342.0, 356.0, 951.0, 1307.0, 1307.0]]]
[[['xgboostn_estimators:31max_depth:3learning_rate:0.3', 0.7333588370313695, 0.7307110438729199, 0.739097169089518, 0.739097169089518, 0.7276205049732212, 0.7333363862493073, 0.7348801825789274, 0.7348801825789274, 0.46674841368307546, 0.7333588370313696, 966.0, 341.0, 356.0, 951.0, 1307.0, 1307.0]]]
[[['xgboostn_estimators:31max_depth:3learning_rate:0.3', 0.7352716143840857, 0.733131159969674, 0.7398622800306044, 0.7398622800306044, 0.730680948737567, 0.7352572833423014, 0.7364813404417365, 0.7364813404417365, 0.470563062676781, 0.7352716143840857, 967.0, 340.0, 352.0, 955.0, 1307.0, 1307.0]]]
[[['xgboostn_estimators:31max_depth:3learning_rate:0.3', 0.7352716143840857, 0.733131159969674, 0.7398622800306044, 0.7398622800306044, 0.730680948737567, 0.7352572833423014, 0.7364813404417365, 0.7364813404417365, 0.470563062676781, 0.7352716143840857, 967.0, 340.0, 352.0, 955.0, 1307.0, 1307.0]]]
[[['xgboostn_estimators:31max_depth:3learning_rate:0.3', 0.7345065034429993, 0.7320211960635882, 0.7398622800306044, 0.7398622800306044, 0.7291507268553941, 0.7344869769146382, 0.7359208523592085, 0.7359208523592085, 0.4690399158614067, 0.7345065034429993, 967.0, 340.0, 354.0, 953.0, 1307.0, 1307.0]]]
[[['xgboostn_estimators:31max_depth:3learning_rate:0.3', 0.7345065034429993, 0.7320211960635882, 0.7398622800306044, 0.7398622800306044, 0.7291507268553941, 0.7344869769146382, 0.7359208523592085, 0.7359208523592085, 0.4690399158614067, 0.7345065034429993, 967.0, 340.0, 354.0, 953.0, 1307.0, 1307.0]]]
[[['xgboostn_estimators:41max_depth:3learning_rate:0.2', 0.7341239479724561, 0.7311178247734139, 0.740627390971691, 0.740627390971691, 0.7276205049732212, 0.734095141119883, 0.7358418852147474, 0.7358418852147474, 0.46828750984628015, 0.7341239479724561, 968.0, 339.0, 356.0, 951.0, 1307.0, 1307.0]]]
[[['xgboostn_estimators:61max_depth:3learning_rate:0.2', 0.7337413925019127, 0.7319665907365224, 0.7375669472073451, 0.7375669472073451, 0.7299158377964805, 0.7337314196637907, 0.7347560975609756, 0.7347560975609756, 0.46749646870305944, 0.7337413925019128, 964.0, 343.0, 353.0, 954.0, 1307.0, 1307.0]]]
[[['xgboostn_estimators:31max_depth:3learning_rate:0.2', 0.7345065034429993, 0.7265336289726534, 0.7521040550879877, 0.7521040550879877, 0.7169089517980107, 0.7342956691797675, 0.7390977443609023, 0.7390977443609023, 0.469303759131578, 0.7345065034429992, 983.0, 324.0, 370.0, 937.0, 1307.0, 1307.0]]]
[[['xgboostn_estimators:31max_depth:3learning_rate:0.2', 0.7345065034429993, 0.7275426874536006, 0.7498087222647284, 0.7498087222647284, 0.7192042846212701, 0.7343470880307162, 0.7385079125847775, 0.7385079125847775, 0.4692328075045546, 0.7345065034429992, 980.0, 327.0, 367.0, 940.0, 1307.0, 1307.0]]]
[[['xgboostn_estimators:31max_depth:3learning_rate:0.2', 0.7345065034429993, 0.7275426874536006, 0.7498087222647284, 0.7498087222647284, 0.7192042846212701, 0.7343470880307162, 0.7385079125847775, 0.7385079125847775, 0.4692328075045546, 0.7345065034429992, 980.0, 327.0, 367.0, 940.0, 1307.0, 1307.0]]]
[[['xgboostn_estimators:31max_depth:3learning_rate:0.2', 0.7345065034429993, 0.7275426874536006, 0.7498087222647284, 0.7498087222647284, 0.7192042846212701, 0.7343470880307162, 0.7385079125847775, 0.7385079125847775, 0.4692328075045546, 0.7345065034429992, 980.0, 327.0, 367.0, 940.0, 1307.0, 1307.0]]]
[[['xgboostn_estimators:31max_depth:3learning_rate:0.2', 0.7345065034429993, 0.7275426874536006, 0.7498087222647284, 0.7498087222647284, 0.7192042846212701, 0.7343470880307162, 0.7385079125847775, 0.7385079125847775, 0.4692328075045546, 0.7345065034429992, 980.0, 327.0, 367.0, 940.0, 1307.0, 1307.0]]]
[[['xgboostn_estimators:21max_depth:3learning_rate:0.3', 0.7322111706197398, 0.7263236390753169, 0.7452180566182096, 0.7452180566182096, 0.7192042846212701, 0.7320956353489294, 0.7356495468277946, 0.7356495468277946, 0.4645795621314219, 0.7322111706197398, 974.0, 333.0, 367.0, 940.0, 1307.0, 1307.0]]]
[[['xgboostn_estimators:21max_depth:3learning_rate:0.3', 0.7318286151491966, 0.726457399103139, 0.7436878347360367, 0.7436878347360367, 0.7199693955623565, 0.7317325200248941, 0.7349716446124764, 0.7349716446124764, 0.46378770386658646, 0.7318286151491966, 972.0, 335.0, 366.0, 941.0, 1307.0, 1307.0]]]
[[['xgboostn_estimators:21max_depth:3learning_rate:0.3', 0.7318286151491966, 0.726457399103139, 0.7436878347360367, 0.7436878347360367, 0.7199693955623565, 0.7317325200248941, 0.7349716446124764, 0.7349716446124764, 0.46378770386658646, 0.7318286151491966, 972.0, 335.0, 366.0, 941.0, 1307.0, 1307.0]]]
[[['xgboostn_estimators:21max_depth:3learning_rate:0.3', 0.7318286151491966, 0.726457399103139, 0.7436878347360367, 0.7436878347360367, 0.7199693955623565, 0.7317325200248941, 0.7349716446124764, 0.7349716446124764, 0.46378770386658646, 0.7318286151491966, 972.0, 335.0, 366.0, 941.0, 1307.0, 1307.0]]]
[[['xgboostn_estimators:11max_depth:3learning_rate:0.4', 0.7314460596786534, 0.7255779269202088, 0.7444529456771232, 0.7444529456771232, 0.7184391736801836, 0.7313304035359469, 0.7348942598187311, 0.7348942598187311, 0.46304882222324584, 0.7314460596786534, 973.0, 334.0, 368.0, 939.0, 1307.0, 1307.0]]]
[[['xgboostn_estimators:21max_depth:4learning_rate:0.2', 0.7325937260902831, 0.7261904761904762, 0.7467482785003825, 0.7467482785003825, 0.7184391736801836, 0.7324569722194707, 0.7363259147491512, 0.7363259147491512, 0.46537396616479526, 0.7325937260902831, 976.0, 331.0, 368.0, 939.0, 1307.0, 1307.0]]]
[[['xgboostn_estimators:21max_depth:4learning_rate:0.2', 0.7325937260902831, 0.7261904761904762, 0.7467482785003825, 0.7467482785003825, 0.7184391736801836, 0.7324569722194707, 0.7363259147491512, 0.7363259147491512, 0.46537396616479526, 0.7325937260902831, 976.0, 331.0, 368.0, 939.0, 1307.0, 1307.0]]]
[[['xgboostn_estimators:11max_depth:4learning_rate:0.2', 0.7333588370313695, 0.7249262536873157, 0.7521040550879877, 0.7521040550879877, 0.7146136189747513, 0.7331192267646598, 0.7382651145324822, 0.7382651145324822, 0.4670460137220365, 0.7333588370313696, 983.0, 324.0, 373.0, 934.0, 1307.0, 1307.0]]]
[[['xgboostn_estimators:11max_depth:4learning_rate:0.2', 0.7333588370313695, 0.7249262536873157, 0.7521040550879877, 0.7521040550879877, 0.7146136189747513, 0.7331192267646598, 0.7382651145324822, 0.7382651145324822, 0.4670460137220365, 0.7333588370313696, 983.0, 324.0, 373.0, 934.0, 1307.0, 1307.0]]]
[[['xgboostn_estimators:21max_depth:4learning_rate:0.2', 0.7337413925019127, 0.7284966342557966, 0.7452180566182096, 0.7452180566182096, 0.722264728385616, 0.7336516320784734, 0.7367624810892587, 0.7367624810892587, 0.46760598157211697, 0.7337413925019126, 974.0, 333.0, 363.0, 944.0, 1307.0, 1307.0]]]
[[['xgboostn_estimators:21max_depth:4learning_rate:0.2', 0.7337413925019127, 0.7284966342557966, 0.7452180566182096, 0.7452180566182096, 0.722264728385616, 0.7336516320784734, 0.7367624810892587, 0.7367624810892587, 0.46760598157211697, 0.7337413925019126, 974.0, 333.0, 363.0, 944.0, 1307.0, 1307.0]]]
[[['xgboostn_estimators:11max_depth:3learning_rate:0.4', 0.7325937260902831, 0.7268656716417911, 0.7452180566182096, 0.7452180566182096, 0.7199693955623565, 0.7324849444088024, 0.7359274650547789, 0.7359274650547789, 0.465335800423462, 0.7325937260902831, 974.0, 333.0, 366.0, 941.0, 1307.0, 1307.0]]]
[[['xgboostn_estimators:11max_depth:3learning_rate:0.4', 0.7325937260902831, 0.7268656716417911, 0.7452180566182096, 0.7452180566182096, 0.7199693955623565, 0.7324849444088024, 0.7359274650547789, 0.7359274650547789, 0.465335800423462, 0.7325937260902831, 974.0, 333.0, 366.0, 941.0, 1307.0, 1307.0]]]
[[['xgboostn_estimators:21max_depth:3learning_rate:0.2', 0.7341239479724561, 0.7256637168141593, 0.7528691660290742, 0.7528691660290742, 0.7153787299158378, 0.7338845875113301, 0.7390161472024033, 0.7390161472024033, 0.46857731212768255, 0.7341239479724561, 984.0, 323.0, 372.0, 935.0, 1307.0, 1307.0]]]
[[['xgboostn_estimators:21max_depth:3learning_rate:0.2', 0.7341239479724561, 0.7256637168141593, 0.7528691660290742, 0.7528691660290742, 0.7153787299158378, 0.7338845875113301, 0.7390161472024033, 0.7390161472024033, 0.46857731212768255, 0.7341239479724561, 984.0, 323.0, 372.0, 935.0, 1307.0, 1307.0]]]
[[['xgboostn_estimators:21max_depth:3learning_rate:0.2', 0.7341239479724561, 0.7256637168141593, 0.7528691660290742, 0.7528691660290742, 0.7153787299158378, 0.7338845875113301, 0.7390161472024033, 0.7390161472024033, 0.46857731212768255, 0.7341239479724561, 984.0, 323.0, 372.0, 935.0, 1307.0, 1307.0]]]
[[['xgboostn_estimators:21max_depth:3learning_rate:0.2', 0.7341239479724561, 0.7256637168141593, 0.7528691660290742, 0.7528691660290742, 0.7153787299158378, 0.7338845875113301, 0.7390161472024033, 0.7390161472024033, 0.46857731212768255, 0.7341239479724561, 984.0, 323.0, 372.0, 935.0, 1307.0, 1307.0]]]
[[['xgboostn_estimators:61max_depth:3learning_rate:0.2', 0.7348890589135425, 0.7343511450381679, 0.7360367253251722, 0.7360367253251722, 0.7337413925019127, 0.7348881627653555, 0.7351929690485288, 0.7351929690485288, 0.4697793553573768, 0.7348890589135425, 962.0, 345.0, 348.0, 959.0, 1307.0, 1307.0]]]
[[['xgboostn_estimators:21max_depth:3learning_rate:0.2', 0.7325937260902831, 0.7245199409158051, 0.7505738332058148, 0.7505738332058148, 0.7146136189747513, 0.7323730492412721, 0.7373167981961668, 0.7373167981961668, 0.46548851975820166, 0.7325937260902831, 981.0, 326.0, 373.0, 934.0, 1307.0, 1307.0]]]
[[['xgboostn_estimators:21max_depth:3learning_rate:0.2', 0.7325937260902831, 0.7245199409158051, 0.7505738332058148, 0.7505738332058148, 0.7146136189747513, 0.7323730492412721, 0.7373167981961668, 0.7373167981961668, 0.46548851975820166, 0.7325937260902831, 981.0, 326.0, 373.0, 934.0, 1307.0, 1307.0]]]
[[['xgboostn_estimators:11max_depth:3learning_rate:0.4', 0.7325937260902831, 0.7268656716417911, 0.7452180566182096, 0.7452180566182096, 0.7199693955623565, 0.7324849444088024, 0.7359274650547789, 0.7359274650547789, 0.465335800423462, 0.7325937260902831, 974.0, 333.0, 366.0, 941.0, 1307.0, 1307.0]]]
[[['xgboostn_estimators:11max_depth:3learning_rate:0.4', 0.7325937260902831, 0.7268656716417911, 0.7452180566182096, 0.7452180566182096, 0.7199693955623565, 0.7324849444088024, 0.7359274650547789, 0.7359274650547789, 0.465335800423462, 0.7325937260902831, 974.0, 333.0, 366.0, 941.0, 1307.0, 1307.0]]]
[[['xgboostn_estimators:11max_depth:3learning_rate:0.4', 0.7325937260902831, 0.7268656716417911, 0.7452180566182096, 0.7452180566182096, 0.7199693955623565, 0.7324849444088024, 0.7359274650547789, 0.7359274650547789, 0.465335800423462, 0.7325937260902831, 974.0, 333.0, 366.0, 941.0, 1307.0, 1307.0]]]
[[['xgboostn_estimators:11max_depth:3learning_rate:0.4', 0.7325937260902831, 0.7268656716417911, 0.7452180566182096, 0.7452180566182096, 0.7199693955623565, 0.7324849444088024, 0.7359274650547789, 0.7359274650547789, 0.465335800423462, 0.7325937260902831, 974.0, 333.0, 366.0, 941.0, 1307.0, 1307.0]]]
[[['xgboostn_estimators:11max_depth:3learning_rate:0.4', 0.7325937260902831, 0.7268656716417911, 0.7452180566182096, 0.7452180566182096, 0.7199693955623565, 0.7324849444088024, 0.7359274650547789, 0.7359274650547789, 0.465335800423462, 0.7325937260902831, 974.0, 333.0, 366.0, 941.0, 1307.0, 1307.0]]]
[[['xgboostn_estimators:11max_depth:3learning_rate:0.4', 0.7325937260902831, 0.7268656716417911, 0.7452180566182096, 0.7452180566182096, 0.7199693955623565, 0.7324849444088024, 0.7359274650547789, 0.7359274650547789, 0.465335800423462, 0.7325937260902831, 974.0, 333.0, 366.0, 941.0, 1307.0, 1307.0]]]
